day,month,year,Carbon intensity gCO₂eq/kWh (direct),Carbon intensity gCO₂eq/kWh (Life cycle),Carbon-free energy percentage (CFE%),Renewable energy percentage (RE%),Data source,Data estimated,Data estimation method,source_file,estimated_hour_flag,hourly_row_count,estimated_hour_share,hour,day_of_week,is_weekend,carbon_intensity_gap,cfe_re_gap
2,3,2022,609.1629166666667,666.705,16.955000000000002,15.57375,entsoe.eu,0.0,Unknown,hourly-2022.csv,0,24,0.0,0,2,0,57.54208333333338,1.3812500000000014
23,8,2024,668.7145833333333,726.3170833333334,10.417916666666668,9.186666666666666,entsoe.eu,0.0,Unknown,hourly-2024.csv,0,24,0.0,0,4,0,57.60250000000008,1.2312500000000028
18,12,2021,578.865,632.0708333333333,22.28625,20.18,entsoe.eu,0.0,Unknown,hourly-2021.csv,0,24,0.0,0,5,1,53.20583333333332,2.1062499999999993
5,10,2023,653.5845833333334,708.4704166666667,13.789166666666668,11.33125,entsoe.eu,0.0,Unknown,hourly-2023.csv,0,24,0.0,0,3,0,54.88583333333327,2.4579166666666676
12,11,2021,679.5620833333334,736.9441666666667,9.927916666666668,8.769166666666667,entsoe.eu,0.0,Unknown,hourly-2021.csv,0,24,0.0,0,4,0,57.3820833333333,1.1587500000000013
24,4,2025,519.2175,568.1475,30.224166666666665,27.674999999999997,entsoe.eu,0.0,Unknown,hourly-2025.csv,0,24,0.0,0,3,0,48.930000000000064,2.549166666666668
1,9,2025,741.5795833333333,800.8133333333334,2.2104166666666667,2.169583333333333,entsoe.eu,0.0,Unknown,hourly-2025.csv,0,24,0.0,0,0,0,59.2337500000001,0.0408333333333335
19,7,2023,679.1504166666667,735.9416666666666,9.857083333333334,9.125833333333333,entsoe.eu,0.0,Unknown,hourly-2023.csv,0,24,0.0,0,2,0,56.79124999999988,0.7312500000000011
3,6,2023,598.6108333333333,649.39875,21.16875,20.00375,entsoe.eu,0.0,Unknown,hourly-2023.csv,0,24,0.0,0,5,1,50.78791666666666,1.1649999999999991
27,9,2025,760.0,820.0,0.0,0.0,entsoe.eu,0.0,Unknown,hourly-2025.csv,0,24,0.0,0,5,1,60.0,0.0
16,6,2024,674.41375,730.0187500000001,11.114166666666668,9.987083333333333,entsoe.eu,0.0,Unknown,hourly-2024.csv,0,24,0.0,0,6,1,55.60500000000002,1.127083333333335
24,6,2023,562.9970833333333,611.3970833333334,25.62,24.2875,entsoe.eu,0.0,Unknown,hourly-2023.csv,0,24,0.0,0,5,1,48.40000000000009,1.3324999999999996
31,10,2024,630.6899999999999,686.6774999999999,14.77375,14.645,entsoe.eu,0.0,Unknown,hourly-2024.csv,0,24,0.0,0,3,0,55.987499999999955,0.1287500000000001
10,10,2024,660.0041666666667,714.49375,12.904166666666669,12.34875,entsoe.eu,0.0,Unknown,hourly-2024.csv,0,24,0.0,0,3,0,54.48958333333326,0.5554166666666678
3,6,2024,655.91375,710.4733333333334,13.150833333333331,13.090416666666668,entsoe.eu,0.0,Unknown,hourly-2024.csv,0,24,0.0,0,0,0,54.55958333333331,0.0604166666666632
27,6,2023,566.3312500000001,617.1420833333333,24.127916666666668,21.78833333333333,entsoe.eu,0.0,Unknown,hourly-2023.csv,0,24,0.0,0,1,0,50.81083333333322,2.339583333333337
4,9,2024,635.9516666666667,689.32,16.165833333333335,14.971666666666666,entsoe.eu,0.0,Unknown,hourly-2024.csv,0,24,0.0,0,2,0,53.36833333333334,1.1941666666666697
27,5,2023,604.5045833333334,655.6979166666666,20.345,19.315,entsoe.eu,0.0,Unknown,hourly-2023.csv,0,24,0.0,0,5,1,51.19333333333327,1.0299999999999976
30,5,2025,595.9475,648.6374999999999,20.12666666666667,19.339583333333337,entsoe.eu,0.0,Unknown,hourly-2025.csv,0,24,0.0,0,4,0,52.68999999999994,0.7870833333333316
8,5,2025,525.8016666666666,575.0033333333333,29.39333333333333,28.7675,entsoe.eu,0.0,Unknown,hourly-2025.csv,0,24,0.0,0,3,0,49.20166666666671,0.6258333333333326
28,5,2022,609.61,661.7875,20.12125,17.5225,entsoe.eu,0.0,Unknown,hourly-2022.csv,0,24,0.0,0,5,1,52.17750000000001,2.598749999999999
14,4,2022,683.0758333333333,737.9812499999999,10.42,8.908333333333333,entsoe.eu,0.0,Unknown,hourly-2022.csv,0,24,0.0,0,3,0,54.90541666666661,1.5116666666666667
7,2,2022,616.6470833333333,669.645,18.243333333333332,17.233333333333334,entsoe.eu,0.0,Unknown,hourly-2022.csv,0,24,0.0,0,0,0,52.9979166666667,1.009999999999998
17,9,2025,699.7654166666666,757.3649999999999,7.227083333333333,6.976666666666667,entsoe.eu,0.0,Unknown,hourly-2025.csv,0,24,0.0,0,2,0,57.59958333333327,0.2504166666666663
1,8,2022,663.81375,717.27375,13.194166666666668,10.259166666666667,entsoe.eu,0.0,Unknown,hourly-2022.csv,0,24,0.0,0,0,0,53.45999999999992,2.9350000000000005
22,5,2024,600.5104166666666,652.1125000000001,20.2975,20.249583333333337,entsoe.eu,0.0,Unknown,hourly-2024.csv,0,24,0.0,0,2,0,51.60208333333344,0.0479166666666621
28,5,2025,512.5604166666667,562.2583333333333,30.492500000000003,29.26125,entsoe.eu,0.0,Unknown,hourly-2025.csv,0,24,0.0,0,2,0,49.69791666666663,1.2312500000000028
11,10,2023,582.3208333333333,638.4320833333334,19.423333333333336,18.754166666666663,entsoe.eu,0.0,Unknown,hourly-2023.csv,0,24,0.0,0,2,0,56.11125000000004,0.6691666666666727
28,12,2025,603.1654166666666,658.7558333333333,17.941666666666666,17.001250000000002,entsoe.eu,0.0,Unknown,hourly-2025.csv,0,24,0.0,0,6,1,55.59041666666667,0.940416666666664
3,8,2025,760.0,820.0,0.0,0.0,entsoe.eu,0.0,Unknown,hourly-2025.csv,0,24,0.0,0,6,1,60.0,0.0
13,9,2024,637.93375,690.9470833333334,15.8325,15.714583333333332,entsoe.eu,0.0,Unknown,hourly-2024.csv,0,24,0.0,0,4,0,53.01333333333332,0.1179166666666677
22,4,2023,580.53875,630.4283333333334,23.49083333333333,21.775,entsoe.eu,0.0,Unknown,hourly-2023.csv,0,24,0.0,0,5,1,49.88958333333335,1.7158333333333324
4,1,2023,546.5645833333333,595.2345833333333,27.396666666666665,25.813333333333333,entsoe.eu,0.0,Unknown,hourly-2023.csv,0,24,0.0,0,2,0,48.66999999999996,1.583333333333332
12,2,2024,645.7095833333334,700.4050000000001,14.085,13.375833333333333,entsoe.eu,0.0,Unknown,hourly-2024.csv,0,24,0.0,0,0,0,54.69541666666669,0.7091666666666683
25,2,2023,608.28125,660.7458333333333,19.520833333333332,18.24625,entsoe.eu,0.0,Unknown,hourly-2023.csv,0,24,0.0,0,5,1,52.46458333333328,1.2745833333333323
17,4,2024,628.345,683.9016666666666,15.28125,14.027500000000002,entsoe.eu,0.0,Unknown,hourly-2024.csv,0,24,0.0,0,2,0,55.556666666666615,1.2537499999999984
25,12,2024,549.5124999999999,598.8870833333334,26.790833333333335,24.609166666666667,entsoe.eu,0.0,Unknown,hourly-2024.csv,0,24,0.0,0,2,0,49.37458333333347,2.1816666666666684
4,10,2022,626.3266666666667,678.91,17.451666666666664,16.967916666666667,entsoe.eu,0.0,Unknown,hourly-2022.csv,0,24,0.0,0,1,0,52.58333333333326,0.483749999999997
4,9,2021,636.3183333333333,689.6070833333333,16.59208333333333,12.789166666666668,entsoe.eu,0.0,Unknown,hourly-2021.csv,0,24,0.0,0,5,1,53.28875000000005,3.802916666666663
27,6,2022,708.5895833333334,765.7487500000001,6.891666666666667,5.50375,entsoe.eu,0.0,Unknown,hourly-2022.csv,0,24,0.0,0,0,0,57.15916666666669,1.3879166666666665
13,11,2025,559.1195833333334,611.79625,23.731666666666666,23.5375,entsoe.eu,0.0,Unknown,hourly-2025.csv,0,24,0.0,0,3,0,52.67666666666662,0.1941666666666641
16,3,2025,679.4854166666667,735.3370833333333,10.29,10.095833333333331,entsoe.eu,0.0,Unknown,hourly-2025.csv,0,24,0.0,0,6,1,55.85166666666669,0.1941666666666677
30,9,2023,658.5558333333333,714.2316666666667,13.252916666666666,9.73625,entsoe.eu,0.0,Unknown,hourly-2023.csv,0,24,0.0,0,5,1,55.675833333333344,3.5166666666666657
5,3,2022,663.1354166666666,719.9558333333333,11.82875,10.846666666666666,entsoe.eu,0.0,Unknown,hourly-2022.csv,0,24,0.0,0,5,1,56.82041666666669,0.9820833333333336
21,5,2025,481.9145833333334,527.7725,35.175000000000004,34.665,entsoe.eu,0.0,Unknown,hourly-2025.csv,0,24,0.0,0,2,0,45.857916666666654,0.5100000000000051
31,10,2023,716.8545833333333,775.7708333333334,4.954166666666667,4.560833333333333,entsoe.eu,0.0,Unknown,hourly-2023.csv,0,24,0.0,0,1,0,58.916250000000105,0.3933333333333335
9,10,2022,644.0929166666666,699.4783333333334,14.464166666666666,12.510833333333332,entsoe.eu,0.0,Unknown,hourly-2022.csv,0,24,0.0,0,6,1,55.38541666666674,1.9533333333333331
19,12,2025,531.12125,582.4558333333333,27.217083333333335,26.676666666666662,entsoe.eu,0.0,Unknown,hourly-2025.csv,0,24,0.0,0,4,0,51.334583333333285,0.5404166666666725
2,11,2022,654.66625,717.2795833333333,10.455833333333333,9.85,entsoe.eu,0.0,Unknown,hourly-2022.csv,0,24,0.0,0,2,0,62.613333333333344,0.605833333333333
27,4,2025,623.8891666666667,677.2758333333333,17.28875,15.545833333333334,entsoe.eu,0.0,Unknown,hourly-2025.csv,0,24,0.0,0,6,1,53.38666666666654,1.742916666666666
20,5,2023,564.2370833333333,611.94875,25.75208333333333,25.629166666666663,entsoe.eu,0.0,Unknown,hourly-2023.csv,0,24,0.0,0,5,1,47.7116666666667,0.1229166666666685
25,10,2022,609.87875,667.93,17.519166666666667,16.422916666666666,entsoe.eu,0.0,Unknown,hourly-2022.csv,0,24,0.0,0,1,0,58.05124999999998,1.0962500000000013
13,2,2022,656.45375,711.7141666666666,13.54,10.637916666666667,entsoe.eu,0.0,Unknown,hourly-2022.csv,0,24,0.0,0,6,1,55.26041666666663,2.902083333333332
14,8,2024,530.5441666666667,585.8916666666667,25.354166666666668,22.852083333333336,entsoe.eu,0.0,Unknown,hourly-2024.csv,0,24,0.0,0,2,0,55.34749999999997,2.502083333333331
20,4,2025,543.8654166666666,592.88625,28.004583333333333,23.580833333333334,entsoe.eu,0.0,Unknown,hourly-2025.csv,0,24,0.0,0,6,1,49.02083333333337,4.423749999999998
24,3,2024,645.0329166666667,699.48875,14.777916666666668,12.6475,entsoe.eu,0.0,Unknown,hourly-2024.csv,0,24,0.0,0,6,1,54.45583333333332,2.130416666666667
15,2,2025,593.7491666666666,647.3404166666667,19.95,19.28875,entsoe.eu,0.0,Unknown,hourly-2025.csv,0,24,0.0,0,5,1,53.59125000000006,0.661249999999999
16,11,2025,525.4050000000001,574.1975,29.174166666666665,28.96666666666667,entsoe.eu,0.0,Unknown,hourly-2025.csv,0,24,0.0,0,6,1,48.792499999999905,0.207499999999996
11,2,2024,687.9362500000001,744.6783333333333,8.944583333333332,7.92625,entsoe.eu,0.0,Unknown,hourly-2024.csv,0,24,0.0,0,6,1,56.7420833333332,1.0183333333333326
14,7,2022,604.6804166666667,655.7454166666666,20.855416666666667,16.68166666666667,entsoe.eu,0.0,Unknown,hourly-2022.csv,0,24,0.0,0,3,0,51.06499999999994,4.173749999999998
21,3,2025,590.0024999999999,640.9279166666666,21.835416666666664,20.48875,entsoe.eu,0.0,Unknown,hourly-2025.csv,0,24,0.0,0,4,0,50.925416666666706,1.346666666666664
26,5,2025,510.4241666666667,558.3079166666666,31.225416666666664,31.00375,entsoe.eu,0.0,Unknown,hourly-2025.csv,0,24,0.0,0,0,0,47.88374999999997,0.221666666666664
23,10,2022,645.7420833333333,702.2629166666667,14.087083333333332,11.982083333333334,entsoe.eu,0.0,Unknown,hourly-2022.csv,0,24,0.0,0,6,1,56.52083333333337,2.104999999999998
9,10,2025,620.6470833333333,679.34375,14.76375,13.795,entsoe.eu,0.0,Unknown,hourly-2025.csv,0,24,0.0,0,3,0,58.696666666666715,0.96875
14,3,2022,677.58875,735.3112500000001,9.883333333333333,9.209166666666668,entsoe.eu,0.0,Unknown,hourly-2022.csv,0,24,0.0,0,0,0,57.72250000000008,0.6741666666666646
14,10,2024,642.9250000000001,696.7979166666668,14.8825,14.44,entsoe.eu,0.0,Unknown,hourly-2024.csv,0,24,0.0,0,0,0,53.8729166666667,0.4425000000000008
10,11,2025,510.91166666666663,560.2083333333334,30.235416666666666,30.147916666666664,entsoe.eu,0.0,Unknown,hourly-2025.csv,0,24,0.0,0,0,0,49.29666666666674,0.0875000000000021
10,10,2025,613.6366666666667,670.5441666666667,16.553333333333335,15.50125,entsoe.eu,0.0,Unknown,hourly-2025.csv,0,24,0.0,0,4,0,56.90750000000003,1.052083333333334
3,5,2025,588.5841666666666,640.2345833333333,22.229166666666668,17.77958333333333,entsoe.eu,0.0,Unknown,hourly-2025.csv,0,24,0.0,0,5,1,51.650416666666615,4.4495833333333366
12,1,2022,539.25875,589.8091666666667,27.757916666666663,25.95625,entsoe.eu,0.0,Unknown,hourly-2022.csv,0,24,0.0,0,2,0,50.550416666666706,1.8016666666666623
30,8,2025,760.0,820.0,0.0,0.0,entsoe.eu,0.0,Unknown,hourly-2025.csv,0,24,0.0,0,5,1,60.0,0.0
31,3,2022,681.2141666666666,738.9162500000001,9.4125,8.091666666666667,entsoe.eu,0.0,Unknown,hourly-2022.csv,0,24,0.0,0,3,0,57.70208333333346,1.3208333333333329
13,12,2024,487.06708333333336,536.7845833333333,32.405833333333334,32.128750000000004,entsoe.eu,0.0,Unknown,hourly-2024.csv,0,24,0.0,0,4,0,49.71749999999997,0.27708333333333
17,6,2025,615.4908333333334,670.6804166666667,17.245416666666667,14.992083333333332,entsoe.eu,0.0,Unknown,hourly-2025.csv,0,24,0.0,0,1,0,55.1895833333333,2.2533333333333356
25,4,2025,637.3045833333333,690.7145833333334,15.88,14.31375,entsoe.eu,0.0,Unknown,hourly-2025.csv,0,24,0.0,0,4,0,53.41000000000008,1.56625
22,7,2025,608.2566666666667,663.2095833333334,18.164166666666667,16.131249999999998,entsoe.eu,0.0,Unknown,hourly-2025.csv,0,24,0.0,0,1,0,54.95291666666674,2.0329166666666687
15,10,2023,613.96125,668.1066666666667,18.439583333333335,15.024583333333334,entsoe.eu,0.0,Unknown,hourly-2023.csv,0,24,0.0,0,6,1,54.14541666666673,3.415000000000001
13,7,2024,618.6458333333334,671.8891666666667,17.671666666666667,16.922083333333333,entsoe.eu,0.0,Unknown,hourly-2024.csv,0,24,0.0,0,5,1,53.24333333333334,0.7495833333333337
31,1,2022,592.5229166666667,643.4929166666667,21.574166666666667,20.54875,entsoe.eu,0.0,Unknown,hourly-2022.csv,0,24,0.0,0,0,0,50.97000000000003,1.0254166666666684
2,10,2021,708.4808333333334,765.77625,7.034583333333333,5.114583333333333,entsoe.eu,0.0,Unknown,hourly-2021.csv,0,24,0.0,0,5,1,57.2954166666666,1.92
3,12,2022,620.0866666666667,673.4295833333333,17.38416666666667,16.659583333333334,entsoe.eu,0.0,Unknown,hourly-2022.csv,0,24,0.0,0,5,1,53.34291666666661,0.7245833333333351
18,9,2024,659.8275,715.8391666666666,12.216666666666669,11.690833333333332,entsoe.eu,0.0,Unknown,hourly-2024.csv,0,24,0.0,0,2,0,56.011666666666656,0.5258333333333365
26,6,2025,555.5216666666666,610.26,23.3325,20.77208333333333,entsoe.eu,0.0,Unknown,hourly-2025.csv,0,24,0.0,0,3,0,54.738333333333344,2.560416666666669
17,8,2024,611.3170833333334,668.0320833333334,16.822916666666668,14.69375,entsoe.eu,0.0,Unknown,hourly-2024.csv,0,24,0.0,0,5,1,56.71500000000003,2.129166666666668
25,1,2025,610.2304166666667,665.2941666666667,17.90375,16.457916666666666,entsoe.eu,0.0,Unknown,hourly-2025.csv,0,24,0.0,0,5,1,55.06375000000003,1.4458333333333329
9,1,2022,573.2783333333333,622.5625,24.747083333333332,21.661666666666665,entsoe.eu,0.0,Unknown,hourly-2022.csv,0,24,0.0,0,6,1,49.28416666666669,3.085416666666667
17,10,2025,650.2929166666667,707.0879166666667,12.652500000000002,11.89,entsoe.eu,0.0,Unknown,hourly-2025.csv,0,24,0.0,0,4,0,56.79500000000007,0.7625000000000011
12,3,2025,563.7316666666667,613.9266666666666,24.535,24.104166666666668,entsoe.eu,0.0,Unknown,hourly-2025.csv,0,24,0.0,0,2,0,50.194999999999936,0.4308333333333323
21,10,2025,545.5825,599.0187500000001,25.112916666666667,22.750416666666663,entsoe.eu,0.0,Unknown,hourly-2025.csv,0,24,0.0,0,1,0,53.436250000000086,2.3625000000000043
12,1,2023,602.0895833333333,653.0133333333333,20.421666666666667,19.868333333333332,entsoe.eu,0.0,Unknown,hourly-2023.csv,0,24,0.0,0,3,0,50.92375000000004,0.5533333333333346
1,8,2024,622.0808333333333,678.1116666666667,16.1725,13.722083333333332,entsoe.eu,0.0,Unknown,hourly-2024.csv,0,24,0.0,0,3,0,56.03083333333336,2.4504166666666674
15,4,2024,699.8183333333333,756.5270833333334,7.940833333333334,6.2,entsoe.eu,0.0,Unknown,hourly-2024.csv,0,24,0.0,0,0,0,56.70875000000012,1.7408333333333337
19,5,2023,574.1379166666667,622.0254166666667,24.441666666666663,24.303749999999997,entsoe.eu,0.0,Unknown,hourly-2023.csv,0,24,0.0,0,4,0,47.887500000000045,0.1379166666666655
24,11,2024,588.07375,640.6999999999999,21.131666666666664,20.507916666666667,entsoe.eu,0.0,Unknown,hourly-2024.csv,0,24,0.0,0,6,1,52.626249999999914,0.6237499999999976
24,9,2022,623.2704166666666,676.4429166666666,17.655416666666667,15.938333333333333,entsoe.eu,0.0,Unknown,hourly-2022.csv,0,24,0.0,0,5,1,53.172500000000014,1.7170833333333348
12,12,2021,569.2666666666667,617.6654166666666,25.092083333333335,23.290833333333335,entsoe.eu,0.0,Unknown,hourly-2021.csv,0,24,0.0,0,6,1,48.39874999999995,1.8012499999999996
8,8,2025,715.2170833333333,772.9208333333332,5.541250000000001,5.531666666666666,entsoe.eu,0.0,Unknown,hourly-2025.csv,0,24,0.0,0,4,0,57.7037499999999,0.0095833333333343
12,9,2023,506.2716666666667,559.8504166666667,28.598333333333333,27.098333333333333,entsoe.eu,0.0,Unknown,hourly-2023.csv,0,24,0.0,0,1,0,53.57874999999996,1.5
3,2,2024,634.9579166666666,689.3704166666666,15.519583333333337,14.247083333333334,entsoe.eu,0.0,Unknown,hourly-2024.csv,0,24,0.0,0,5,1,54.41250000000002,1.2725000000000026
15,4,2025,461.78833333333336,505.34791666666666,38.30916666666666,37.1925,entsoe.eu,0.0,Unknown,hourly-2025.csv,0,24,0.0,0,1,0,43.55958333333331,1.11666666666666
1,10,2025,760.0,820.0,0.0,0.0,entsoe.eu,0.0,Unknown,hourly-2025.csv,0,24,0.0,0,2,0,60.0,0.0
9,3,2025,616.47,670.4270833333334,17.9725,15.555416666666666,entsoe.eu,0.0,Unknown,hourly-2025.csv,0,24,0.0,0,6,1,53.957083333333344,2.417083333333334
2,11,2021,657.0525,712.0179166666667,13.065,12.557083333333331,entsoe.eu,0.0,Unknown,hourly-2021.csv,0,24,0.0,0,1,0,54.96541666666667,0.5079166666666683
30,5,2022,670.2766666666666,723.8195833333333,12.545,10.41625,entsoe.eu,0.0,Unknown,hourly-2022.csv,0,24,0.0,0,0,0,53.542916666666656,2.12875
21,2,2022,679.5166666666667,735.5033333333334,10.484583333333331,9.05875,entsoe.eu,0.0,Unknown,hourly-2022.csv,0,24,0.0,0,0,0,55.98666666666679,1.4258333333333315
30,1,2024,598.8966666666666,649.7891666666667,20.694166666666668,20.38416666666667,entsoe.eu,0.0,Unknown,hourly-2024.csv,0,24,0.0,0,1,0,50.89250000000004,0.3099999999999987
26,7,2021,614.26,667.0391666666667,18.434166666666663,16.720833333333335,kostt.com,0.0,Unknown,hourly-2021.csv,0,24,0.0,0,0,0,52.7791666666667,1.7133333333333276
12,12,2022,466.6991666666667,513.97875,36.40333333333333,36.39375,entsoe.eu,0.0,Unknown,hourly-2022.csv,0,24,0.0,0,0,0,47.27958333333328,0.0095833333333317
8,1,2025,602.2116666666667,654.695,19.56083333333333,18.94,entsoe.eu,0.0,Unknown,hourly-2025.csv,0,24,0.0,0,2,0,52.48333333333335,0.62083333333333
9,7,2025,620.8858333333334,679.8183333333333,14.317083333333334,13.088333333333331,entsoe.eu,0.0,Unknown,hourly-2025.csv,0,24,0.0,0,2,0,58.93249999999989,1.2287500000000031
5,12,2023,532.13125,577.6241666666666,29.932083333333335,29.9225,entsoe.eu,0.0,Unknown,hourly-2023.csv,0,24,0.0,0,1,0,45.49291666666659,0.0095833333333352
25,8,2023,598.5425,650.3925,20.485,19.576666666666664,entsoe.eu,0.0,Unknown,hourly-2023.csv,0,24,0.0,0,4,0,51.85000000000002,0.908333333333335
30,5,2024,684.2183333333334,740.68125,9.389166666666666,9.322083333333332,entsoe.eu,0.0,Unknown,hourly-2024.csv,0,24,0.0,0,3,0,56.462916666666615,0.0670833333333345
8,9,2024,680.0420833333334,735.9187499999999,10.52,8.980416666666667,entsoe.eu,0.0,Unknown,hourly-2024.csv,0,24,0.0,0,6,1,55.87666666666655,1.5395833333333329
5,9,2024,655.7312499999999,710.0083333333333,13.63125,12.692083333333334,entsoe.eu,0.0,Unknown,hourly-2024.csv,0,24,0.0,0,3,0,54.277083333333394,0.9391666666666652
3,5,2022,661.635,715.725,13.18125,12.032083333333333,entsoe.eu,0.0,Unknown,hourly-2022.csv,0,24,0.0,0,1,0,54.09000000000003,1.1491666666666678
20,5,2022,684.1633333333333,739.38,10.3775,9.455833333333333,entsoe.eu,0.0,Unknown,hourly-2022.csv,0,24,0.0,0,4,0,55.2166666666667,0.9216666666666667
2,5,2024,676.8779166666667,732.1625,10.901666666666666,9.943333333333332,entsoe.eu,0.0,Unknown,hourly-2024.csv,0,24,0.0,0,3,0,55.28458333333333,0.958333333333334
26,3,2024,638.5875,691.7558333333333,15.747083333333334,15.080833333333333,entsoe.eu,0.0,Unknown,hourly-2024.csv,0,24,0.0,0,1,0,53.168333333333294,0.6662500000000016
30,10,2025,630.14,685.7141666666666,15.374583333333334,14.84375,entsoe.eu,0.0,Unknown,hourly-2025.csv,0,24,0.0,0,3,0,55.574166666666656,0.5308333333333337
26,11,2024,546.4462500000001,598.1608333333334,25.49875,25.329583333333332,entsoe.eu,0.0,Unknown,hourly-2024.csv,0,24,0.0,0,1,0,51.71458333333328,0.1691666666666691
27,8,2022,628.5404166666666,691.5187500000001,13.224583333333332,10.492083333333332,entsoe.eu,0.0,Unknown,hourly-2022.csv,0,24,0.0,0,5,1,62.97833333333347,2.7325
29,11,2021,631.4908333333334,686.8254166666667,15.034166666666666,13.445833333333333,entsoe.eu,0.0,Unknown,hourly-2021.csv,0,24,0.0,0,0,0,55.334583333333285,1.588333333333333
17,2,2022,676.3541666666666,732.0266666666666,11.027916666666668,9.249583333333334,entsoe.eu,0.0,Unknown,hourly-2022.csv,0,24,0.0,0,3,0,55.672500000000014,1.7783333333333342
11,4,2023,632.91375,685.8483333333334,16.5725,15.346666666666666,entsoe.eu,0.0,Unknown,hourly-2023.csv,0,24,0.0,0,1,0,52.93458333333331,1.2258333333333358
27,11,2022,628.4570833333333,680.3670833333333,17.304583333333333,17.014583333333334,entsoe.eu,0.0,Unknown,hourly-2022.csv,0,24,0.0,0,6,1,51.90999999999997,0.2899999999999991
21,10,2022,666.4358333333333,722.62,11.675833333333337,10.691666666666668,entsoe.eu,0.0,Unknown,hourly-2022.csv,0,24,0.0,0,4,0,56.18416666666667,0.9841666666666686
13,6,2025,624.9595833333334,679.56875,16.864166666666666,14.503749999999998,entsoe.eu,0.0,Unknown,hourly-2025.csv,0,24,0.0,0,4,0,54.609166666666624,2.3604166666666675
12,5,2024,597.3270833333333,648.1158333333334,21.258333333333333,20.7375,entsoe.eu,0.0,Unknown,hourly-2024.csv,0,24,0.0,0,6,1,50.78875000000005,0.5208333333333321
17,3,2024,601.3425,653.1587499999999,20.4325,18.710416666666667,entsoe.eu,0.0,Unknown,hourly-2024.csv,0,24,0.0,0,6,1,51.81624999999997,1.722083333333334
11,12,2021,568.69375,619.4570833333333,23.639166666666668,22.07041666666667,entsoe.eu,0.0,Unknown,hourly-2021.csv,0,24,0.0,0,5,1,50.76333333333332,1.568749999999998
28,6,2023,657.1545833333333,713.9979166666667,11.864166666666668,10.750833333333333,entsoe.eu,0.0,Unknown,hourly-2023.csv,0,24,0.0,0,2,0,56.84333333333336,1.113333333333335
1,10,2024,585.44125,636.7670833333333,22.44333333333333,18.993333333333332,entsoe.eu,0.0,Unknown,hourly-2024.csv,0,24,0.0,0,1,0,51.32583333333332,3.4499999999999993
30,1,2022,648.665,702.7083333333334,14.810833333333331,11.64,entsoe.eu,0.0,Unknown,hourly-2022.csv,0,24,0.0,0,6,1,54.04333333333341,3.1708333333333307
28,2,2024,631.0645833333333,684.0058333333333,16.36583333333333,16.18583333333333,entsoe.eu,0.0,Unknown,hourly-2024.csv,0,24,0.0,0,2,0,52.94124999999997,0.1799999999999997
28,10,2025,456.67375,503.29833333333335,37.05875,36.87583333333333,entsoe.eu,0.0,Unknown,hourly-2025.csv,0,24,0.0,0,1,0,46.62458333333336,0.1829166666666708
15,6,2025,630.83875,685.3504166666667,16.5275,13.090833333333334,entsoe.eu,0.0,Unknown,hourly-2025.csv,0,24,0.0,0,6,1,54.511666666666656,3.4366666666666656
11,2,2023,585.6829166666666,635.68125,22.50791666666667,21.92,entsoe.eu,0.0,Unknown,hourly-2023.csv,0,24,0.0,0,5,1,49.998333333333335,0.5879166666666684
11,7,2023,643.0629166666666,697.2175000000001,14.778333333333334,13.560416666666669,entsoe.eu,0.0,Unknown,hourly-2023.csv,0,24,0.0,0,1,0,54.15458333333345,1.2179166666666656
28,12,2021,585.4583333333334,636.0120833333334,22.516666666666666,21.125416666666663,entsoe.eu,0.0,Unknown,hourly-2021.csv,0,24,0.0,0,1,0,50.55375000000003,1.391250000000003
8,1,2023,578.8825,630.19625,22.979166666666668,20.956666666666667,entsoe.eu,0.0,Unknown,hourly-2023.csv,0,24,0.0,0,6,1,51.313749999999914,2.022500000000001
15,8,2024,560.5704166666667,616.8033333333334,21.654583333333335,20.190833333333337,entsoe.eu,0.0,Unknown,hourly-2024.csv,0,24,0.0,0,3,0,56.23291666666671,1.4637499999999974
19,8,2022,593.11375,653.3895833333333,17.976666666666667,16.658333333333335,entsoe.eu,0.0,Unknown,hourly-2022.csv,0,24,0.0,0,4,0,60.27583333333337,1.3183333333333316
4,10,2025,758.80125,818.76625,0.1516666666666666,0.1129166666666666,entsoe.eu,0.0,Unknown,hourly-2025.csv,0,24,0.0,0,5,1,59.96500000000003,0.0387499999999999
23,11,2024,583.2504166666666,636.63625,20.88375,20.617083333333333,entsoe.eu,0.0,Unknown,hourly-2024.csv,0,24,0.0,0,5,1,53.38583333333338,0.2666666666666657
26,3,2023,555.3754166666666,608.1075,25.17833333333333,23.37125,entsoe.eu,0.0,Unknown,hourly-2023.csv,0,24,0.0,0,6,1,52.73208333333332,1.8070833333333312
29,10,2024,572.9020833333333,627.3766666666667,21.509583333333335,21.102083333333333,entsoe.eu,0.0,Unknown,hourly-2024.csv,0,24,0.0,0,1,0,54.474583333333385,0.4075000000000024
21,2,2024,599.75125,651.4350000000001,20.257916666666667,19.66208333333333,entsoe.eu,0.0,Unknown,hourly-2024.csv,0,24,0.0,0,2,0,51.68375000000003,0.595833333333335
4,2,2023,509.3783333333334,553.61375,32.87416666666667,32.73166666666666,entsoe.eu,0.0,Unknown,hourly-2023.csv,0,24,0.0,0,5,1,44.235416666666595,0.1425000000000054
11,7,2021,692.5895833333334,749.2083333333334,8.996666666666668,6.904583333333334,kostt.com,0.0,Unknown,hourly-2021.csv,0,24,0.0,0,6,1,56.61874999999998,2.092083333333334
16,8,2023,625.06625,680.3216666666666,15.9925,13.91625,entsoe.eu,0.0,Unknown,hourly-2023.csv,0,24,0.0,0,2,0,55.25541666666663,2.07625
18,10,2023,568.0333333333333,619.82125,23.282083333333333,22.2175,entsoe.eu,0.0,Unknown,hourly-2023.csv,0,24,0.0,0,2,0,51.78791666666666,1.0645833333333314
23,1,2025,556.7479166666667,608.1308333333333,24.81458333333333,24.56041666666667,entsoe.eu,0.0,Unknown,hourly-2025.csv,0,24,0.0,0,3,0,51.382916666666574,0.2541666666666629
16,7,2025,617.4854166666667,673.7908333333334,16.419166666666666,15.0425,entsoe.eu,0.0,Unknown,hourly-2025.csv,0,24,0.0,0,2,0,56.3054166666667,1.3766666666666652
25,11,2021,673.9729166666667,729.5412500000001,11.090000000000002,9.634583333333332,entsoe.eu,0.0,Unknown,hourly-2021.csv,0,24,0.0,0,3,0,55.568333333333385,1.45541666666667
22,2,2025,519.3395833333333,571.4895833333334,28.105416666666667,26.72666666666667,entsoe.eu,0.0,Unknown,hourly-2025.csv,0,24,0.0,0,5,1,52.15000000000009,1.3787499999999966
15,7,2023,673.6004166666667,729.5533333333333,11.2,9.46,entsoe.eu,0.0,Unknown,hourly-2023.csv,0,24,0.0,0,5,1,55.952916666666624,1.7399999999999984
18,3,2025,574.2325,623.0366666666666,24.130416666666665,23.897916666666664,entsoe.eu,0.0,Unknown,hourly-2025.csv,0,24,0.0,0,1,0,48.804166666666674,0.2325000000000017
13,7,2025,635.5391666666667,691.6229166666667,15.2425,12.100833333333334,entsoe.eu,0.0,Unknown,hourly-2025.csv,0,24,0.0,0,6,1,56.08375000000001,3.1416666666666657
13,2,2024,602.4366666666666,653.2020833333333,20.31875,20.105,entsoe.eu,0.0,Unknown,hourly-2024.csv,0,24,0.0,0,1,0,50.76541666666674,0.213750000000001
24,1,2023,554.8308333333333,602.1658333333334,26.849166666666665,26.6525,entsoe.eu,0.0,Unknown,hourly-2023.csv,0,24,0.0,0,1,0,47.33500000000003,0.1966666666666654
6,6,2022,663.7475000000001,718.6675,12.872916666666669,10.8225,entsoe.eu,0.0,Unknown,hourly-2022.csv,0,24,0.0,0,0,0,54.91999999999996,2.0504166666666688
7,3,2023,608.4154166666666,660.1154166666666,19.509583333333335,19.23125,entsoe.eu,0.0,Unknown,hourly-2023.csv,0,24,0.0,0,1,0,51.700000000000045,0.278333333333336
28,10,2021,676.9720833333333,735.2125,9.3725,8.599166666666667,entsoe.eu,0.0,Unknown,hourly-2021.csv,0,24,0.0,0,3,0,58.24041666666665,0.7733333333333334
9,7,2022,575.1745833333333,623.6125000000001,24.74291666666667,21.84125,entsoe.eu,0.0,Unknown,hourly-2022.csv,0,24,0.0,0,5,1,48.43791666666675,2.901666666666671
24,9,2021,678.3479166666667,734.7179166666666,10.34375,6.878333333333333,entsoe.eu,0.0,Unknown,hourly-2021.csv,0,24,0.0,0,4,0,56.36999999999989,3.465416666666667
19,1,2023,501.1979166666667,545.85375,33.666666666666664,33.58166666666667,entsoe.eu,0.0,Unknown,hourly-2023.csv,0,24,0.0,0,3,0,44.655833333333305,0.0849999999999937
28,10,2022,632.9816666666667,688.1958333333333,15.80375,15.512083333333337,entsoe.eu,0.0,Unknown,hourly-2022.csv,0,24,0.0,0,4,0,55.21416666666664,0.2916666666666643
17,3,2025,606.4045833333333,657.3125,19.936666666666667,19.840416666666663,entsoe.eu,0.0,Unknown,hourly-2025.csv,0,24,0.0,0,0,0,50.907916666666665,0.0962500000000048
8,6,2022,645.7404166666666,699.4129166666667,15.4275,12.840416666666668,entsoe.eu,0.0,Unknown,hourly-2022.csv,0,24,0.0,0,2,0,53.672500000000014,2.5870833333333323
26,6,2022,684.6037500000001,740.07125,10.28125,8.409583333333334,entsoe.eu,0.0,Unknown,hourly-2022.csv,0,24,0.0,0,6,1,55.46749999999986,1.871666666666666
11,3,2024,632.4095833333333,685.8608333333333,16.160416666666666,15.241666666666667,entsoe.eu,0.0,Unknown,hourly-2024.csv,0,24,0.0,0,0,0,53.45124999999996,0.9187499999999992
4,8,2022,663.01125,719.2329166666667,13.03375,9.269166666666669,entsoe.eu,0.0,Unknown,hourly-2022.csv,0,24,0.0,0,3,0,56.22166666666669,3.7645833333333303
27,1,2025,587.5641666666667,640.5191666666667,20.954583333333336,20.067083333333333,entsoe.eu,0.0,Unknown,hourly-2025.csv,0,24,0.0,0,0,0,52.95500000000004,0.8875000000000028
3,2,2023,512.9525,558.3283333333333,32.08166666666667,31.967916666666667,entsoe.eu,0.0,Unknown,hourly-2023.csv,0,24,0.0,0,4,0,45.37583333333328,0.1137500000000031
6,12,2022,557.9345833333333,606.59875,25.91208333333333,25.38416666666667,entsoe.eu,0.0,Unknown,hourly-2022.csv,0,24,0.0,0,1,0,48.66416666666669,0.5279166666666626
17,8,2022,604.48625,666.5291666666667,16.122916666666665,14.355416666666663,entsoe.eu,0.0,Unknown,hourly-2022.csv,0,24,0.0,0,2,0,62.042916666666656,1.7675000000000018
1,10,2021,716.2937499999999,775.1725,5.045416666666667,3.845833333333333,entsoe.eu,0.0,Unknown,hourly-2021.csv,0,24,0.0,0,4,0,58.87875000000008,1.199583333333334
2,6,2025,602.1325,656.4633333333334,19.2075,18.018333333333334,entsoe.eu,0.0,Unknown,hourly-2025.csv,0,24,0.0,0,0,0,54.33083333333332,1.1891666666666652
20,4,2022,580.7066666666667,629.3970833333333,23.81041666666667,22.4425,entsoe.eu,0.0,Unknown,hourly-2022.csv,0,24,0.0,0,2,0,48.69041666666658,1.3679166666666696
14,4,2021,600.3691666666667,650.4470833333334,20.9525,20.53125,kostt.com,0.0,Unknown,hourly-2021.csv,0,24,0.0,0,2,0,50.077916666666624,0.4212500000000005
6,2,2024,648.4566666666666,703.4875000000001,13.819583333333334,12.642916666666666,entsoe.eu,0.0,Unknown,hourly-2024.csv,0,24,0.0,0,1,0,55.03083333333347,1.1766666666666676
28,2,2023,561.94125,609.89625,25.755416666666665,25.487083333333334,entsoe.eu,0.0,Unknown,hourly-2023.csv,0,24,0.0,0,1,0,47.95500000000004,0.2683333333333308
29,1,2023,502.29125,546.6670833333334,33.69708333333333,33.28416666666667,entsoe.eu,0.0,Unknown,hourly-2023.csv,0,24,0.0,0,6,1,44.37583333333339,0.4129166666666606
8,4,2024,658.10875,712.8275,13.093333333333334,11.755833333333332,entsoe.eu,0.0,Unknown,hourly-2024.csv,0,24,0.0,0,0,0,54.71875,1.337500000000002
26,10,2022,677.6083333333333,739.59375,8.58,8.010833333333332,entsoe.eu,0.0,Unknown,hourly-2022.csv,0,24,0.0,0,2,0,61.98541666666665,0.5691666666666677
8,6,2025,578.6383333333333,630.82125,23.202916666666667,19.56416666666667,entsoe.eu,0.0,Unknown,hourly-2025.csv,0,24,0.0,0,6,1,52.18291666666664,3.638749999999998
8,2,2024,635.2291666666666,689.9583333333334,15.109583333333331,14.697083333333332,entsoe.eu,0.0,Unknown,hourly-2024.csv,0,24,0.0,0,3,0,54.72916666666674,0.4124999999999996
19,5,2022,673.8916666666667,728.1462499999999,11.820416666666668,10.86625,entsoe.eu,0.0,Unknown,hourly-2022.csv,0,24,0.0,0,3,0,54.25458333333325,0.9541666666666676
31,8,2025,757.8129166666666,817.70375,0.2833333333333334,0.2566666666666666,entsoe.eu,0.0,Unknown,hourly-2025.csv,0,24,0.0,0,6,1,59.890833333333376,0.0266666666666667
12,4,2025,460.93375,505.34125,38.4125,35.669583333333335,entsoe.eu,0.0,Unknown,hourly-2025.csv,0,24,0.0,0,5,1,44.40750000000003,2.742916666666666
19,3,2023,607.1070833333333,659.6654166666666,19.5175,18.546666666666667,entsoe.eu,0.0,Unknown,hourly-2023.csv,0,24,0.0,0,6,1,52.55833333333328,0.9708333333333314
12,4,2024,666.1620833333333,721.2170833333333,12.117083333333332,9.79125,entsoe.eu,0.0,Unknown,hourly-2024.csv,0,24,0.0,0,4,0,55.055000000000064,2.325833333333332
15,8,2023,631.765,685.55625,16.285416666666666,14.234166666666669,entsoe.eu,0.0,Unknown,hourly-2023.csv,0,24,0.0,0,1,0,53.79124999999999,2.051249999999998
16,7,2023,664.6695833333333,720.2199999999999,12.362916666666663,10.24875,entsoe.eu,0.0,Unknown,hourly-2023.csv,0,24,0.0,0,6,1,55.55041666666659,2.114166666666664
19,4,2024,579.8241666666667,630.1404166666667,23.1975,21.30541666666667,entsoe.eu,0.0,Unknown,hourly-2024.csv,0,24,0.0,0,4,0,50.31625000000008,1.892083333333332
18,8,2023,633.7062500000001,689.0420833333333,14.931666666666668,13.99375,entsoe.eu,0.0,Unknown,hourly-2023.csv,0,24,0.0,0,4,0,55.3358333333332,0.937916666666668
7,10,2023,650.135,705.0416666666666,14.664583333333333,10.54,entsoe.eu,0.0,Unknown,hourly-2023.csv,0,24,0.0,0,5,1,54.90666666666664,4.124583333333334
11,1,2024,561.4499999999999,610.7895833333333,25.105,24.879583333333333,entsoe.eu,0.0,Unknown,hourly-2024.csv,0,24,0.0,0,3,0,49.339583333333394,0.2254166666666677
28,9,2023,649.3533333333334,705.1820833333333,13.680416666666666,11.054583333333332,entsoe.eu,0.0,Unknown,hourly-2023.csv,0,24,0.0,0,3,0,55.8287499999999,2.6258333333333344
20,8,2025,760.0,820.0,0.0,0.0,entsoe.eu,0.0,Unknown,hourly-2025.csv,0,24,0.0,0,2,0,60.0,0.0
1,9,2023,658.9645833333333,714.525,12.731666666666667,11.69,entsoe.eu,0.0,Unknown,hourly-2023.csv,0,24,0.0,0,4,0,55.5604166666667,1.041666666666668
23,4,2023,564.43875,613.4329166666666,25.60875,23.536666666666665,entsoe.eu,0.0,Unknown,hourly-2023.csv,0,24,0.0,0,6,1,48.994166666666615,2.0720833333333353
19,9,2025,739.4504166666667,799.1325,2.191666666666667,2.1845833333333333,entsoe.eu,0.0,Unknown,hourly-2025.csv,0,24,0.0,0,4,0,59.68208333333337,0.0070833333333335
7,8,2022,636.4037500000001,689.1779166666666,16.90791666666667,13.477083333333333,entsoe.eu,0.0,Unknown,hourly-2022.csv,0,24,0.0,0,6,1,52.77416666666659,3.430833333333336
17,11,2022,648.8670833333333,703.5404166666667,13.945833333333333,12.9075,entsoe.eu,0.0,Unknown,hourly-2022.csv,0,24,0.0,0,3,0,54.6733333333334,1.0383333333333322
15,2,2024,647.9791666666666,702.8204166666666,13.802083333333334,13.115416666666668,entsoe.eu,0.0,Unknown,hourly-2024.csv,0,24,0.0,0,3,0,54.841249999999945,0.6866666666666656
30,3,2024,673.1920833333334,728.6020833333333,11.190833333333332,9.799583333333333,entsoe.eu,0.0,Unknown,hourly-2024.csv,0,24,0.0,0,5,1,55.40999999999997,1.3912499999999994
25,9,2023,674.1445833333333,730.4108333333334,10.7075,9.599583333333332,entsoe.eu,0.0,Unknown,hourly-2023.csv,0,24,0.0,0,0,0,56.266250000000014,1.107916666666668
25,5,2022,650.5608333333333,704.1020833333333,14.68875,13.51125,entsoe.eu,0.0,Unknown,hourly-2022.csv,0,24,0.0,0,2,0,53.54124999999999,1.1775000000000002
15,12,2023,557.4533333333333,605.1066666666667,26.36791666666667,26.301666666666662,entsoe.eu,0.0,Unknown,hourly-2023.csv,0,24,0.0,0,4,0,47.65333333333342,0.0662500000000072
27,12,2022,583.5454166666667,634.0649999999999,22.687916666666663,20.9375,entsoe.eu,0.0,Unknown,hourly-2022.csv,0,24,0.0,0,1,0,50.51958333333323,1.7504166666666627
14,5,2025,529.1120833333333,577.8125,29.5,27.409166666666668,entsoe.eu,0.0,Unknown,hourly-2025.csv,0,24,0.0,0,2,0,48.70041666666668,2.0908333333333324
29,4,2024,621.0333333333333,676.9987500000001,15.950416666666667,13.616666666666667,entsoe.eu,0.0,Unknown,hourly-2024.csv,0,24,0.0,0,0,0,55.96541666666678,2.33375
15,11,2025,539.4791666666666,590.1808333333333,26.86791666666667,26.515,entsoe.eu,0.0,Unknown,hourly-2025.csv,0,24,0.0,0,5,1,50.70166666666671,0.352916666666669
14,4,2023,663.5104166666666,720.02875,11.53875,10.417916666666668,entsoe.eu,0.0,Unknown,hourly-2023.csv,0,24,0.0,0,4,0,56.51833333333332,1.1208333333333318
7,11,2021,693.8279166666666,750.4083333333333,9.023333333333332,6.889583333333333,entsoe.eu,0.0,Unknown,hourly-2021.csv,0,24,0.0,0,6,1,56.58041666666668,2.1337499999999983
28,3,2025,532.6266666666667,579.7841666666667,29.373333333333335,28.415833333333335,entsoe.eu,0.0,Unknown,hourly-2025.csv,0,24,0.0,0,4,0,47.15750000000003,0.9574999999999996
27,2,2025,593.62875,645.2441666666667,20.882916666666667,20.29625,entsoe.eu,0.0,Unknown,hourly-2025.csv,0,24,0.0,0,3,0,51.61541666666676,0.586666666666666
3,9,2023,667.9429166666666,724.4387499999999,11.2625,9.842083333333331,entsoe.eu,0.0,Unknown,hourly-2023.csv,0,24,0.0,0,6,1,56.49583333333328,1.420416666666668
6,11,2021,696.5300000000001,753.0141666666667,8.540000000000001,7.013750000000001,entsoe.eu,0.0,Unknown,hourly-2021.csv,0,24,0.0,0,5,1,56.484166666666624,1.52625
4,11,2023,701.1820833333333,757.94,7.692083333333334,7.1525,entsoe.eu,0.0,Unknown,hourly-2023.csv,0,24,0.0,0,5,1,56.7579166666668,0.5395833333333337
29,6,2023,650.9916666666667,706.3945833333333,13.26375,11.825833333333334,entsoe.eu,0.0,Unknown,hourly-2023.csv,0,24,0.0,0,3,0,55.40291666666667,1.4379166666666665
18,6,2024,577.9504166666667,632.1183333333333,20.95625,20.519166666666667,entsoe.eu,0.0,Unknown,hourly-2024.csv,0,24,0.0,0,1,0,54.167916666666656,0.4370833333333337
27,11,2023,593.6420833333333,645.1729166666667,20.815,20.750833333333333,entsoe.eu,0.0,Unknown,hourly-2023.csv,0,24,0.0,0,0,0,51.53083333333336,0.0641666666666687
20,2,2025,549.47625,602.83,24.02125,23.593333333333337,entsoe.eu,0.0,Unknown,hourly-2025.csv,0,24,0.0,0,3,0,53.35374999999999,0.4279166666666611
16,6,2025,589.8341666666666,642.12,21.6,18.18166666666667,entsoe.eu,0.0,Unknown,hourly-2025.csv,0,24,0.0,0,0,0,52.28583333333336,3.418333333333333
14,11,2025,517.4841666666667,566.5045833333334,29.83875,29.481666666666666,entsoe.eu,0.0,Unknown,hourly-2025.csv,0,24,0.0,0,4,0,49.02041666666662,0.3570833333333354
22,6,2023,561.81375,610.9425,25.17375,24.47458333333333,entsoe.eu,0.0,Unknown,hourly-2023.csv,0,24,0.0,0,3,0,49.12874999999997,0.6991666666666667
15,8,2025,726.1241666666666,787.33625,2.525,1.9470833333333335,entsoe.eu,0.0,Unknown,hourly-2025.csv,0,24,0.0,0,4,0,61.21208333333334,0.5779166666666664
29,7,2025,597.85875,652.7766666666666,19.241666666666667,17.87875,entsoe.eu,0.0,Unknown,hourly-2025.csv,0,24,0.0,0,1,0,54.917916666666656,1.362916666666667
6,11,2022,665.2866666666666,720.5279166666668,12.245,11.6575,entsoe.eu,0.0,Unknown,hourly-2022.csv,0,24,0.0,0,6,1,55.24125000000015,0.5874999999999986
15,6,2023,585.8458333333333,639.7758333333334,20.0575,19.55875,entsoe.eu,0.0,Unknown,hourly-2023.csv,0,24,0.0,0,3,0,53.930000000000064,0.4987500000000011
25,7,2022,627.7645833333333,681.1358333333334,16.777916666666666,13.547916666666666,entsoe.eu,0.0,Unknown,hourly-2022.csv,0,24,0.0,0,0,0,53.37125000000003,3.2300000000000004
7,8,2023,595.9408333333333,647.1879166666666,21.40125,18.8375,entsoe.eu,0.0,Unknown,hourly-2023.csv,0,24,0.0,0,0,0,51.24708333333331,2.5637500000000024
13,11,2024,572.5770833333333,628.9179166666667,20.8675,20.637083333333333,entsoe.eu,0.0,Unknown,hourly-2024.csv,0,24,0.0,0,2,0,56.34083333333331,0.2304166666666667
28,7,2022,660.7258333333333,717.8908333333334,11.631666666666666,9.904583333333331,entsoe.eu,0.0,Unknown,hourly-2022.csv,0,24,0.0,0,3,0,57.16500000000008,1.7270833333333346
10,4,2022,665.6891666666667,720.02875,12.466666666666669,11.32625,entsoe.eu,0.0,Unknown,hourly-2022.csv,0,24,0.0,0,6,1,54.33958333333328,1.1404166666666686
19,2,2023,611.9470833333334,665.7258333333333,18.812083333333337,16.889166666666668,entsoe.eu,0.0,Unknown,hourly-2023.csv,0,24,0.0,0,6,1,53.778749999999945,1.9229166666666693
1,2,2024,598.00125,649.82375,20.305833333333332,19.838333333333335,entsoe.eu,0.0,Unknown,hourly-2024.csv,0,24,0.0,0,3,0,51.82249999999999,0.4674999999999976
4,8,2025,710.9625,767.80875,6.452083333333333,6.452083333333333,entsoe.eu,0.0,Unknown,hourly-2025.csv,0,24,0.0,0,0,0,56.846250000000055,0.0
8,11,2023,607.6895833333333,658.6995833333334,19.7,19.502916666666668,entsoe.eu,0.0,Unknown,hourly-2023.csv,0,24,0.0,0,2,0,51.010000000000105,0.1970833333333317
15,3,2024,617.2025,669.24875,18.43583333333333,17.7725,entsoe.eu,0.0,Unknown,hourly-2024.csv,0,24,0.0,0,4,0,52.046249999999986,0.6633333333333304
2,4,2025,491.6025,535.25375,35.13875,34.800000000000004,entsoe.eu,0.0,Unknown,hourly-2025.csv,0,24,0.0,0,2,0,43.65124999999995,0.3387499999999974
29,7,2024,613.5783333333333,668.5229166666667,17.519166666666667,15.46375,entsoe.eu,0.0,Unknown,hourly-2024.csv,0,24,0.0,0,0,0,54.94458333333341,2.055416666666668
11,11,2022,634.6441666666666,689.4670833333333,15.423333333333332,13.47375,entsoe.eu,0.0,Unknown,hourly-2022.csv,0,24,0.0,0,4,0,54.82291666666674,1.9495833333333312
27,9,2022,578.49875,631.1370833333333,22.390833333333333,21.922916666666666,entsoe.eu,0.0,Unknown,hourly-2022.csv,0,24,0.0,0,1,0,52.63833333333332,0.4679166666666674
1,5,2025,563.8545833333334,614.2175,24.8425,22.532083333333333,entsoe.eu,0.0,Unknown,hourly-2025.csv,0,24,0.0,0,3,0,50.36291666666659,2.310416666666669
23,6,2022,691.1387500000001,746.95375,9.170833333333333,8.46375,entsoe.eu,0.0,Unknown,hourly-2022.csv,0,24,0.0,0,3,0,55.81499999999994,0.7070833333333333
23,10,2024,611.4579166666666,665.6354166666666,17.79625,17.645416666666666,entsoe.eu,0.0,Unknown,hourly-2024.csv,0,24,0.0,0,2,0,54.17750000000001,0.1508333333333347
12,11,2022,627.73,682.0158333333333,16.56083333333333,14.86375,entsoe.eu,0.0,Unknown,hourly-2022.csv,0,24,0.0,0,5,1,54.28583333333325,1.6970833333333315
1,10,2023,656.7291666666666,711.7583333333333,13.76875,10.472083333333334,entsoe.eu,0.0,Unknown,hourly-2023.csv,0,24,0.0,0,6,1,55.0291666666667,3.296666666666667
13,3,2024,619.24625,671.2279166666666,18.139166666666664,18.02875,entsoe.eu,0.0,Unknown,hourly-2024.csv,0,24,0.0,0,2,0,51.98166666666657,0.1104166666666657
16,12,2022,466.88000000000005,515.5270833333333,36.28,36.2725,entsoe.eu,0.0,Unknown,hourly-2022.csv,0,24,0.0,0,4,0,48.64708333333323,0.0075000000000002
19,10,2021,661.71875,718.8704166666666,11.86125,10.580416666666666,entsoe.eu,0.0,Unknown,hourly-2021.csv,0,24,0.0,0,1,0,57.15166666666664,1.2808333333333335
3,2,2022,598.4341666666667,650.57625,20.509583333333335,19.530833333333337,entsoe.eu,0.0,Unknown,hourly-2022.csv,0,24,0.0,0,3,0,52.14208333333329,0.978749999999998
1,6,2024,685.88,741.6862500000001,9.67,9.149166666666666,entsoe.eu,0.0,Unknown,hourly-2024.csv,0,24,0.0,0,5,1,55.80625000000009,0.5208333333333339
24,10,2024,627.3816666666667,682.64625,15.677916666666668,15.409583333333332,entsoe.eu,0.0,Unknown,hourly-2024.csv,0,24,0.0,0,3,0,55.26458333333335,0.2683333333333362
18,5,2025,452.1749999999999,497.16,39.40916666666667,35.623333333333335,entsoe.eu,0.0,Unknown,hourly-2025.csv,0,24,0.0,0,6,1,44.98500000000013,3.785833333333336
11,8,2025,719.0604166666667,777.6004166666667,5.008333333333334,4.454166666666667,entsoe.eu,0.0,Unknown,hourly-2025.csv,0,24,0.0,0,0,0,58.53999999999997,0.5541666666666671
29,4,2025,551.82625,600.8883333333333,26.5975,25.146666666666665,entsoe.eu,0.0,Unknown,hourly-2025.csv,0,24,0.0,0,1,0,49.06208333333336,1.4508333333333354
8,11,2021,679.45125,735.6483333333334,10.419583333333334,9.2075,entsoe.eu,0.0,Unknown,hourly-2021.csv,0,24,0.0,0,0,0,56.19708333333347,1.212083333333334
19,11,2022,647.3420833333333,700.9899999999999,14.57875,13.045833333333334,entsoe.eu,0.0,Unknown,hourly-2022.csv,0,24,0.0,0,5,1,53.64791666666656,1.5329166666666652
22,3,2024,594.6554166666666,646.1629166666667,20.952916666666667,19.875833333333333,entsoe.eu,0.0,Unknown,hourly-2024.csv,0,24,0.0,0,4,0,51.50750000000005,1.0770833333333345
18,1,2023,487.555,530.6441666666667,35.67958333333333,35.621249999999996,entsoe.eu,0.0,Unknown,hourly-2023.csv,0,24,0.0,0,2,0,43.0891666666667,0.0583333333333371
24,3,2025,459.74708333333336,502.7366666666667,38.3325,38.1225,entsoe.eu,0.0,Unknown,hourly-2025.csv,0,24,0.0,0,0,0,42.989583333333314,0.2100000000000008
5,2,2025,547.4929166666667,600.5070833333333,24.508333333333336,24.315833333333337,entsoe.eu,0.0,Unknown,hourly-2025.csv,0,24,0.0,0,2,0,53.0141666666666,0.192499999999999
3,4,2023,604.08125,656.0649999999999,19.915,19.24375,entsoe.eu,0.0,Unknown,hourly-2023.csv,0,24,0.0,0,0,0,51.983749999999986,0.6712500000000006
2,11,2025,645.8079166666666,702.7254166666667,13.320416666666668,12.085416666666667,entsoe.eu,0.0,Unknown,hourly-2025.csv,0,24,0.0,0,6,1,56.91750000000002,1.2350000000000012
22,10,2023,681.4020833333333,738.3966666666666,9.847916666666666,8.51125,entsoe.eu,0.0,Unknown,hourly-2023.csv,0,24,0.0,0,6,1,56.99458333333337,1.336666666666666
15,1,2022,578.755,630.1454166666666,23.518333333333334,20.432083333333335,entsoe.eu,0.0,Unknown,hourly-2022.csv,0,24,0.0,0,5,1,51.390416666666624,3.0862499999999997
13,3,2022,678.6720833333334,735.2129166666667,10.409583333333334,8.698333333333332,entsoe.eu,0.0,Unknown,hourly-2022.csv,0,24,0.0,0,6,1,56.54083333333335,1.7112500000000015
2,12,2023,645.8391666666666,699.0254166666667,14.804166666666667,14.767083333333334,entsoe.eu,0.0,Unknown,hourly-2023.csv,0,24,0.0,0,5,1,53.186250000000086,0.0370833333333333
3,9,2022,671.1354166666666,728.78625,10.945,7.1125,entsoe.eu,0.0,Unknown,hourly-2022.csv,0,24,0.0,0,5,1,57.65083333333337,3.832500000000001
25,6,2022,690.4375,745.7520833333333,9.469166666666666,8.184166666666666,entsoe.eu,0.0,Unknown,hourly-2022.csv,0,24,0.0,0,5,1,55.3145833333333,1.285
2,9,2021,632.3366666666667,685.0070833333333,17.002916666666668,12.557083333333331,entsoe.eu,0.0,Unknown,hourly-2021.csv,0,24,0.0,0,3,0,52.6704166666666,4.445833333333336
8,1,2022,573.7295833333334,622.91375,24.7325,21.781666666666663,entsoe.eu,0.0,Unknown,hourly-2022.csv,0,24,0.0,0,5,1,49.18416666666667,2.950833333333339
5,9,2022,667.4054166666666,727.4283333333333,10.1625,7.714583333333334,entsoe.eu,0.0,Unknown,hourly-2022.csv,0,24,0.0,0,0,0,60.022916666666674,2.447916666666666
12,9,2022,649.9883333333333,704.3504166666667,14.244166666666668,11.31875,entsoe.eu,0.0,Unknown,hourly-2022.csv,0,24,0.0,0,0,0,54.36208333333332,2.9254166666666688
8,11,2024,586.1470833333334,641.4879166666667,19.860416666666666,19.567916666666665,entsoe.eu,0.0,Unknown,hourly-2024.csv,0,24,0.0,0,4,0,55.34083333333331,0.2925000000000004
4,10,2024,589.9087499999999,642.3833333333333,21.259583333333335,18.24875,entsoe.eu,0.0,Unknown,hourly-2024.csv,0,24,0.0,0,4,0,52.474583333333385,3.010833333333334
30,12,2023,574.8745833333334,625.75,23.594166666666663,20.74833333333333,entsoe.eu,0.0,Unknown,hourly-2023.csv,0,24,0.0,0,5,1,50.87541666666664,2.845833333333331
25,2,2024,658.6062499999999,714.2575,12.4325,11.70375,entsoe.eu,0.0,Unknown,hourly-2024.csv,0,24,0.0,0,6,1,55.65125000000012,0.7287499999999998
3,11,2021,707.35125,764.9820833333333,6.7629166666666665,5.6825,entsoe.eu,0.0,Unknown,hourly-2021.csv,0,24,0.0,0,2,0,57.63083333333327,1.0804166666666664
28,8,2023,618.9375,672.5683333333333,17.53291666666667,17.145,entsoe.eu,0.0,Unknown,hourly-2023.csv,0,24,0.0,0,0,0,53.63083333333327,0.3879166666666691
4,11,2021,714.2245833333333,771.9895833333334,6.136666666666667,4.718333333333333,entsoe.eu,0.0,Unknown,hourly-2021.csv,0,24,0.0,0,3,0,57.7650000000001,1.418333333333334
26,2,2025,571.4625,622.63375,23.36125,22.82375,entsoe.eu,0.0,Unknown,hourly-2025.csv,0,24,0.0,0,2,0,51.171249999999986,0.5374999999999979
24,7,2023,675.6899999999999,730.96875,10.970833333333331,9.813333333333333,entsoe.eu,0.0,Unknown,hourly-2023.csv,0,24,0.0,0,0,0,55.27875000000006,1.1574999999999989
14,5,2022,640.5916666666667,694.1133333333333,15.943333333333332,14.437083333333334,entsoe.eu,0.0,Unknown,hourly-2022.csv,0,24,0.0,0,5,1,53.52166666666665,1.506249999999998
6,7,2024,664.8983333333333,720.6229166666667,11.905833333333334,10.704583333333334,entsoe.eu,0.0,Unknown,hourly-2024.csv,0,24,0.0,0,5,1,55.724583333333385,1.20125
21,1,2025,512.8491666666667,563.03125,29.258333333333336,29.052083333333332,entsoe.eu,0.0,Unknown,hourly-2025.csv,0,24,0.0,0,1,0,50.18208333333325,0.2062500000000042
13,12,2025,537.9345833333333,591.3833333333333,25.050833333333333,24.65833333333333,entsoe.eu,0.0,Unknown,hourly-2025.csv,0,24,0.0,0,5,1,53.44875000000002,0.3925000000000018
18,12,2023,568.9420833333334,617.7491666666666,24.7,24.49625,entsoe.eu,0.0,Unknown,hourly-2023.csv,0,24,0.0,0,0,0,48.80708333333325,0.2037499999999994
27,12,2023,582.6429166666667,633.4929166666667,22.75125,20.51,entsoe.eu,0.0,Unknown,hourly-2023.csv,0,24,0.0,0,2,0,50.85000000000002,2.2412499999999973
9,1,2025,595.53125,648.4245833333333,20.04125,19.425,entsoe.eu,0.0,Unknown,hourly-2025.csv,0,24,0.0,0,3,0,52.89333333333332,0.6162500000000009
6,9,2025,714.1341666666667,771.9050000000001,5.809166666666666,5.343333333333334,entsoe.eu,0.0,Unknown,hourly-2025.csv,0,24,0.0,0,5,1,57.77083333333337,0.4658333333333324
24,12,2023,584.5670833333334,635.8425,22.336250000000003,20.000833333333333,entsoe.eu,0.0,Unknown,hourly-2023.csv,0,24,0.0,0,6,1,51.275416666666615,2.3354166666666707
21,8,2025,760.0,820.0,0.0,0.0,entsoe.eu,0.0,Unknown,hourly-2025.csv,0,24,0.0,0,3,0,60.0,0.0
8,10,2024,666.1879166666666,721.16375,12.002916666666666,11.59875,entsoe.eu,0.0,Unknown,hourly-2024.csv,0,24,0.0,0,1,0,54.97583333333341,0.404166666666665
6,6,2023,650.0329166666667,704.7058333333333,13.705,12.558750000000002,entsoe.eu,0.0,Unknown,hourly-2023.csv,0,24,0.0,0,1,0,54.67291666666665,1.1462499999999984
15,1,2023,534.8345833333334,582.9075,28.834166666666665,27.469166666666663,entsoe.eu,0.0,Unknown,hourly-2023.csv,0,24,0.0,0,6,1,48.07291666666663,1.365000000000002
6,7,2023,556.0195833333333,605.92125,25.520833333333332,24.439583333333335,entsoe.eu,0.0,Unknown,hourly-2023.csv,0,24,0.0,0,3,0,49.90166666666664,1.0812499999999972
1,12,2025,487.65875,535.17125,33.384166666666665,33.2925,entsoe.eu,0.0,Unknown,hourly-2025.csv,0,24,0.0,0,0,0,47.51249999999999,0.0916666666666685
22,1,2024,514.1704166666667,560.4491666666667,31.48625,30.9125,entsoe.eu,0.0,Unknown,hourly-2024.csv,0,24,0.0,0,0,0,46.278749999999945,0.5737499999999969
30,4,2025,553.0304166666666,602.34875,26.290000000000003,25.050416666666667,entsoe.eu,0.0,Unknown,hourly-2025.csv,0,24,0.0,0,2,0,49.318333333333385,1.2395833333333357
23,11,2022,543.8716666666667,590.86875,28.04875,27.765416666666667,entsoe.eu,0.0,Unknown,hourly-2022.csv,0,24,0.0,0,2,0,46.99708333333331,0.2833333333333314
14,1,2023,516.83625,563.6625,31.199166666666667,29.951666666666668,entsoe.eu,0.0,Unknown,hourly-2023.csv,0,24,0.0,0,5,1,46.82625000000007,1.2474999999999987
10,9,2022,645.1958333333333,700.8833333333333,14.476666666666668,10.864166666666668,entsoe.eu,0.0,Unknown,hourly-2022.csv,0,24,0.0,0,5,1,55.6875,3.6125000000000007
10,1,2022,500.71,547.22875,33.08875,31.185,entsoe.eu,0.0,Unknown,hourly-2022.csv,0,24,0.0,0,0,0,46.51875000000001,1.9037499999999987
11,3,2025,582.3504166666667,632.9470833333334,22.690833333333337,21.9375,entsoe.eu,0.0,Unknown,hourly-2025.csv,0,24,0.0,0,1,0,50.59666666666669,0.7533333333333374
